This line is a comment block. Write whatever you want here.
This line is a comment block. Write whatever you want here.
This line is a comment block. Write whatever you want here.
This line is a comment block. Write whatever you want here.
This line is a comment block. Write whatever you want here.
This line is a comment block. Write whatever you want here.
This line is a comment block. Write whatever you want here.
970b4c2015827c53e9bf414098247bcc4097b8a9f5e216df02bcf729670004aa 12 0 0 0
79356d0f183ea034633706089daf6831e2f19ebe7ad5f3e9a262ba7c4b8ae1a9 1 0 0 0
24a719d628df8156f033c27024aafa02954240e71884b55042e87baf0a4c498d 5 0 0 0
9287f8d43ab680d42ef929998336ebfff36b4f34a5de3af8ffcc9754e83540be 72 0 0 0
b3e44e2426137d873574558b182fb6677e56b7e45acc33b348b0ba431c44db01 414 0 0 0
b60f8a97a0d0189803aa8bcedd9551ef16260d88c662076db488d00bf17cb672 11 0 0 0
65f9840c3bd4e9048e0d4423deb646e27de95e72a8b7743537097a95c18ba402 2549 0 0 0
18c7e90b9943fedf17a4d78526de8cb6fb812b740bb356ca2a70ee22a6b90de4 112 0 0 0
e326a1b3b03ade22a4422abbd3ddeac4d398a295c0c07fd4584aa1ca8b520b96 25 0 0 0
d0f640c3275ed44c5ec890c40faf7d8be8af73b007d6ff1cacdca111714b7db6 5 0 0 0
a65a995006e03ef379601ac05e7d7ae6daeadda839cc38cf27dcd240fa7eb33a 373 0 0 0
19a3ae723e583f2c19a89b2586d8204e8d8ebb1605a9e6859075406e95a7c830 12 0 0 0
0354e8761d7800676464272586f8aac9a8944e4a55428342b88900bed1c483c2 6 0 0 0
d84e528de32fba3185441894800968a5cf9834deacedf2e3fc6287fb49e77018 11 0 0 0
154104fb83c6a890f73d702b2a60dc168c2bdfe86bc7fef57a16116c005ec1b3 7 0 0 0
b215e31b85b4c5fc35187b336f58e7e8e475e8b9d4f595fe2f03eee9ba525bc9 750 0 0 0
9221f6ebb468372aa0e7ada83f82181314f3ea5821a75115d3e315c6aa8d5184 34 0 0 0
3eaedf9c46d992ebf5b43ebcfe4c2f45c11fbefb2a575d9f1a376ad32559c168 8 0 0 0
6de1b336ea4e8141ae33d9b0c09826c1b0ed9ead8ed26bca3e1bda78a6ac022f 203 0 0 0
aafe2db24e48745184723c37152873a627854209b96a7cd441abafe6623f8c10 60 0 0 0
dc5c6d1c4b74bb92c0d4030a9b2b145efc51881de320eeebfe91116f9119041b 172 0 0 0
cceeaee5244ef9d865264df4835d77a8fdd15f71f883257be8a7df578b3dd1e2 2 0 0 0
a393301a1bee2f86f61d534b230b1491ad58bbe71cabb59a37befe13630fc2c9 18 0 0 0
ebe0d3c5bb7e7cb4f40a4efa79f701dfda656803b39a89c0526d42dad99ef6fc 394 0 0 0
92d219980d0f531da7fce73aad96f9ec5e82ea5cdca4c93c8649a6f3548b18c0 7 0 0 0
4e9406005c81aabe49dafec0312a195c4e8feeef55e9dbf60db8d92ccb7c836a 9 0 0 0
7e775c60366c86224d6263a0a1424d2b5f778c6452e25feee1eb668a466a1688 13 0 0 0
57c265bddfdf576f83aba96c52b66f8d48a10779dd80bdb7b54994a54b92acbc 40 0 0 0
aa07a170dc8b4053f6d1112e00887d5e8be917c1e9b66e8c516f049a161cddfb 15 0 0 0
714bfcaa7545eb0a3404533ac864ca9343c58844fd95908479ea3d119f559574 8 0 0 0
f4934282f6325520fa1df35a2d403981b750d8ce5a319ab7035c113791cae4cd 48 0 0 0
d0d82399e3c4e4b0cdac4aabc1b7ef9479701ed903990d496dcb58ae71bda07a 10 0 0 0
169d332bcfc6dc00b68ba61b53f0903f4b5dbd291864a8157b9cec4c99e9afd8 6 0 0 0
7fcc6363f6488a14b22d93b2912ae555d0579ac1e5fbf0b826cead30aa84989b 14 0 0 0
628fd78e03f6fe5aa4745cbaeacaa26c98ec951df35b5003e6d243f5ef17aaf1 4 0 0 0
177ce18d38ec534b1b6a01d21cb46a5c52f3e35c5c51a8002c72c2cf45c574cf 2 0 0 0
af74705ac8f8124d3ceaa157dc9f6d338a89970f2b40369ddf3e03c28fd78671 3 0 0 0
8f9c9f402e6694814bbf99b50d5af3dcecc9ff648f32ea3c8e08bd3c7ddfb479 90 0 0 0
71bcf1b786b469b3ea624e1d08823dfc57fb1be256bc43548f6a0d5d2c7d61f4 30 0 0 0
bbbe0c47f4da7ac82f6dcd9ee72ce00f51828d2c3e13bf615bb9538707b1867f 8 0 0 0
11d3d0c1d4010a7751c330707d3b8859d1ac1eae6df9b1285314bfbe26f6564f 1 0 0 0
cdec1334e79d166ebe4dec0f7fa044d66e6e368bc9b90afc3aaeb8a6787aa575 5344 0 0 0
0c50c423ee0b9b149da95c05e1312be8f966f888f0c27a17e3aeee81513b3e57 2 0 0 0
2c8659d17d97c6460f6e1e29ec6f456544498f64ee480cf58076864af14754ed 9 0 0 0
0aaee2c71932925960d94f6d2ca06700cd12b4ddb2874908283f782182ef69a0 1 0 0 0
acee0e6a0f520611ddea4257f67129668d31940ee45e83d9785dba48b7c97bf0 76 0 0 0
a0310e5b478ee03cbe4c58e42a9287280fd726bdc29282844258ccd2b7b56795 1 0 0 0
0dfd279a251265976ad9f84f963076f74f158e90a6c52bde2a31a2a99c808558 157 0 0 0
6b926e3b75371290cd46e21a0d7a96863b22535244c795cf25d0f4bc4aae9572 4 0 0 0
4dadb4944265d4778bcc6b64c06213fdb24740205aba29f7db135dc9415c44e9 60 0 0 0
5040890f2121e0bcd34d0874610c7eddbd0775543dedac2acc51aa6a62c56f68 100 0 0 0
11e98b896d59bb5a0cfc805dbc7ef83a574718cfcc32ada7a4db73bd56043d9a 17 0 0 0
64563f6a3b4db21e9d49031da332ed25122fd56288f5ef453de925dd94f71714 47 0 0 0
fe56f039aa28b7f03e4bf8317e9ede8c460cac8c3c9e3e1789eb48132469266d 53 0 0 0
61bfe15ccae1703e96f07efb91364888774151fcdcf81b6b8a9759d763f93609 294 0 0 0
2b2e0c5a9fa32118ffab72b2613859225ea878def078ebff780fc4075c1c7f30 123 0 0 0
d7a537a844a1bfe611232a10d7ad68340c7421f4de37f69fd449ec1f2ddb2833 1 0 0 0
83a90a9c1f013f2eda5d0cae218927ec5b3c717ee25c930400ed9fedba1537b4 183 0 0 0
6f8a7e4e99a62391e97c7f0bfb05fa1c86e77ae3f6d0dc5cd4a86eb88b2ccd16 2 0 0 0
cb45831251ef72b947573b4128e1e413499dfe67c6f7fe19b5bf848afd680def 764 0 0 0
9a50a33bd6a7adb6e07c2223fdc157d51cb9cec197870bdb94989b4d8dea483f 62 0 0 0
f8aedd1778531cd8e63faf6bafc0fac8c51c0277b3f819b18096e9b9a5c73449 7 0 0 0
862f8211bc4852e06ed68a8d383c786e8387553ff88cde50e75eb80a389581da 60 0 0 0
5e45df08775cd1c0be9a7433fc8c2eccfe025d6a4d853703ff7a7f5869c2237c 1 0 0 0
1395912fc251b251ae6c0dd991f5a78be58006a2cd00e471d3d448af76fc31ed 2 0 0 0
57dc196f96395be56de3f2d5d73b6a17f9b7fe1dbc233542829b1b2292b9d4a6 35 0 0 0
2d48287f284dcd09d54675547c43efb60ce3c382e1ac1bf1bfaa97d31eade329 1 0 0 0
fb2273f770c473db7872176fb152039ca1e8a00ee4ab76ca9f807ade7c85e0fe 3 0 0 0
2b6115931bb57613775b8f1f0088921f8022d48dcb990fe9eee7dd158f34003a 867 0 0 0
2f07aae08428f02666cf47d2ea483f7a7759edfb095d58c3dad27b9d1de67c87 1 0 0 0
680ce1216a13893594615c83c3cc587b8fbf7a98bec417c9d425e93fd66f5b14 132 0 0 0
ce7d8ccdfd0c547919b088026d39918bfdecc17efe1ac95c19b21d368a82447c 250 0 0 0
af99fd3cfb215a436c278673f0b3706fe55cca9396315579d26e51203c455ddc 63 0 0 0
167def968fe50ba75542a8971b8fc2ca834403e287e62175a349483a8e3a6147 1 0 0 0
f36f2256f20a89c925ec040368a0d5475954a2faf1321e7bb423cc5ca5d7cded 113 0 0 0
4e5c0655b18455f7bd99d2abf3ddd53e9ddfb8c16930bc267f6e057fbccccc05 539 0 0 0
f92fc4a9ae8bfad3cc95bbabd405c63b4aa2fe6bc79e521025ed6a26d7c9bb47 12 0 0 0
7aafd9c107075541ffa0c2d0bddbedb00888b9649446f28f8d81b797526231cd 2 0 0 0
04b8bbaada4788c9928ee7efe25d655064bec0056f0b75cd4a0bb16c08cdce1d 14 0 0 0
0c54b3774a2d570280cdd6133b115a7f35776fae209338021a9981ef10767354 112 0 0 0
67ae7c5246add87b6f2c87cffd71183a481787255d26439525120e3fdf7f945e 1 0 0 0
33f8cdd68db8b699de55a1ff29e7433a60ee05eac64d0b67a0bb83fdf411c8ca 119 0 0 0
0bde195f6cf014a75ecbf78d85c201b3290a70f8b6b1af0527f8bd0d9f00ed70 3 0 0 0
1dbcfa4486d185b0da49e5feca1a57076bc498c489e9135231f859f828380fcc 37 0 0 0
6ae98302f2bcbcb79127f4e9b8e6161617755ba68cc2d19025e3f14cc4245a1c 623 0 0 0
407aa80878d07a8f51bde209aeeedf13d90d5f5518c5fda80599e3bb1e9b87c7 4 0 0 0
87b1506b62e3a38a0b9b6255a739469e1bd1e5e7e073a25d4e2dfa7bee9b1a33 3 0 0 0
38cf4fc4d7d1071ee8106cda0bf96fd85860258b5ad1ff9c3165bb107c420e3e 4 0 0 0
7f69b29f0a8904a8571aaac5467a2709938918fdd5d7deff2af8c648cb8f92da 14 0 0 0
7ee4d1300d5aa60a022a0139e871a134ac2927e8fe0b644b1dac3a642925a410 8 0 0 0
2321960e30ebd4e74f6fdd3505cb37439f6f0aaa17071d499ad502223bccb433 167 0 0 0
6a26f2b0127994cc38c6ab40cf4c9024b944e6a8df42b080b09a62ed864da04b 43 0 0 0
a9a3d402fc4ed0012a82144c5943e63a3e88b10b55a4cf55e1ff5c88b09c7101 11 0 0 0
be2eff1abd63e8536725efc1f93cae7f93713183a5a70645d953cae82c9813dc 17 0 0 0
940f18d421cbc79fe5e4f0c0b415d42220d6ea2fa0ea921aa9298426822535a9 3 0 0 0
981943044077f977687fe9aa15d850728d0823a719f48ae94cc30523be0e489c 35563 0 0 0
437a9b82759c4d9b6458d2e4576970b74355f865275fef49bbaa2a2360c4b294 13 0 0 0
636554d64e1d395ef2f21fae72cec77ea88dbc2b53387e58606788323dbe78c3 50 0 0 0
de02daf9345f7a389906b769e05db99f71f6c709abb0e68fc24c99f52a6f1396 87 0 0 0
f3df13c70d3670ae461509bbde7ee8903dcadf0b7bde2b5042dcb5a16c0c95b8 1 0 0 0
6dd8cfad93705623948f1388f5da1cbfb25fe84a79520ae426b46f51d6799dd9 1 0 0 0
1f63ba77b3f451c930e662d24401b0a333d604057c999587684e04f378f449b7 1 0 0 0
c4c2e22be51e1225a98cb62133498d58f7e50b4665a0b97995e9629edfcfa86a 8 0 0 0
6a9739b7ff88d2ff8b039ef9cbb7f427cf862151e0ee361a2826f86446697fb5 26 0 0 0
52ba54a590fc229ff4a591faaacb14601f3cbe6d2ad4194d1cb750f25d2294dc 35 0 0 0
2b7eda2de5565873354d01a7f53e2478bf336fd8ab94b98af0315b4233c4a08e 177 0 0 0
7ae9b45cf4235efc141841945703312085d2ffa61a14700f68a2c5a5d836a1e6 1 0 0 0
b77e6b74e3c2eeec8ee1bf88567df786fd79f69257bd7c186feaaf9c8226bc1b 10 0 0 0
8e6468eb27e1e95bf22bc8ac14072c0bde99afa1e7986b91bf385178b001f8d1 44 0 0 0
ccfeef17737cda8c9a842715ac686547c5fe54e95b07ad7553ee2843c0655d29 290 0 0 0
3da5a7ed5cbdc72af899db2e15bde4184ec875954699b41986bc643eceddd382 1 0 0 0
5157f023641fa88a35530898b37ba0368fbbdde227da869f1a26dc796b4a2fd1 1 0 0 0
bda7a90911bc87dbb0b00c5cc56801ccbb77eae048b08536fdb299a9864543d1 2 0 0 0
1c8aed59998e505b32cad7cdddadc67900b5ba2a7cadcb88866afa65482800ce 3 0 0 0
0edfc9bc55ff644175aa688c509c6c4988960bb38b04f442abb5b8c76a879496 133 0 0 0
7db4daf7afaf6a9f4ca29433e9ed457507004d83b9dead4c660bacaad24fee6d 32 0 0 0
d608a330faeded755df09a538cba12e407266e6d0b9689db97c18b984b6caae6 14 0 0 0
9d6105610df9ff135a967cf602c7841aa5f3e2eb969f0f0f6c776d545cad2aaa 17 0 0 0
897767af0a86303bc99dbede686cc25207a8517bb22a709278cdf97a83caedde 4 0 0 0
bcdb3c837a0327176c5217961a283fc811f8606418d9ba29cebc5fa6bc51e0b1 16 0 0 0
968ce1b6a78d56c5f1b6046becf50cf7d05e7492e9f0ef97d76e435ebed17010 10815 2042 14035796 3363458
10819a93bc716498ff393faf0870fb4317829f97e943ade58d4f9c1a2182a3a5 27 9 66815 294
0badbe993bbff8ebbd8d7e3b509749fec08cb7157019f2c57d6f2e69f8c97785 733 729 195338 28234
75d64f63c18d30b1c21f2eb9d3ad5484204a239952a959c8977eb41ebdcd7d82 143 0 0 0
36bcd77d1a7b8160b19cf1be72c4ca532372ffe83c1f68c59e02065d8dc2818d 3620 1 143364 7236
fa85f5a101b82bc39fee4687c96a74449ab364555a27662e9b0a12ab566960b8 31 0 0 0
e7c2d56ab34edbf7c75235ff92d232dc7a988deec9c197db3efb68d9e6814a50 560 560 158748 23098
45424fa5164881292936f0e0b70a435253770300639f1544aeb009c13e626b44 0 0 0 0
4ea1c197acbeab90584c091c9fbdf33ee83c06793bca6e4b625869a7ef7b247f 262 0 0 0
15a6895ac302ccbb6b2d83a46603be5416dc939f72a2cb94e5dbd6fd8b0f2702 2069 88 49243 17126
c0e65eee69246d3fc05a7bdf8107494d596449f33daa1ee2b546a71aec24be06 6 6 721 45
17e1d09fd82d3dce0f52a69dbda48fa9adfa73cabbe361e806bea4e3cd8f765a 5 5 21051 8355
5283f73bf05850331d576a7e3e8e703bee05ae3209a8f406e3cd8a2b25ab19c1 6 6 307 8
10a62420df1d1acff9b974b8584899d816568ab7178e0fe996c22a404777c15a 12 12 133 58
b9f860fd650e12fa8add774b9ceee8f3cb9999aaad5b479e11058a47b0da317a 10 6 1430 178
14a18181dfed31f9776a2caae19d90f01eb760745aed47a63f5adcce4d56484c 1 1 912 0
b027e6a659269fe4612cf214bc8a3aef3722ffb77b0676b7243c89b5f9c45f67 17 17 10055 293
282421aee9a5b2d03c79eba1b680b8e55bc4aa2312698db1f524da781b1e2994 24 24 1797 58
67f87bdb97fbb10cafd49057b0228cdab82141552eebc7af66daf00cc6398de0 8 8 7656 309
8deda59fda8ccf287397bf109e6279baa27c7fe0bdedd7d12f74c5a7916632ba 13 10 25 0
